image: NEC_north_hallway.pgm
resolution: 0.050000
origin: [-9.511362, -16.995137, 0.000000]
negate: 0
occupied_thresh: 0.65
free_thresh: 0.196

